black,0,8,0,33,292,364,427,472,480,480
red,0,6,33,292,364,427,472,480
black,1,4,0,21,480,480
green,1,2,21,480
black,2,2,480,480
blue,2,6,309,336,449,462,480,480
black,3,10,0,31,292,361,426,427,428,470,480,480
red,3,8,31,292,361,426,427,428,470,480
black,4,4,0,14,480,480
green,4,2,14,480
black,5,2,480,480
blue,5,6,308,333,448,461,480,480
black,6,8,0,27,292,358,428,468,480,480
red,6,6,27,292,358,428,468,480
black,7,4,0,12,480,480
green,7,2,12,480
black,8,2,480,480
blue,8,6,309,331,448,456,480,480
black,9,10,0,22,23,24,292,357,428,468,480,480
red,9,8,22,23,24,292,357,428,468,480
black,10,4,0,7,480,480
green,10,2,7,480
black,11,2,480,480
blue,11,6,27,31,307,329,480,480
black,12,10,0,13,25,29,290,357,427,465,480,480
red,12,8,13,25,29,290,357,427,465,480
black,13,4,0,4,480,480
green,13,2,4,480
black,14,2,480,480
blue,14,6,25,35,307,327,480,480
black,15,14,0,8,9,11,24,35,290,355,426,455,456,458,480,480
red,15,12,8,9,11,24,35,290,355,426,455,456,458,480
black,16,4,0,1,480,480
green,16,2,1,480
black,17,2,480,480
blue,17,6,25,36,306,325,480,480
black,18,12,0,7,24,37,289,354,424,425,426,449,480,480
red,18,10,7,24,37,289,354,424,425,426,449,480
black,19,2,480,480
green,19,2,0,480
black,20,2,480,480
blue,20,6,26,40,303,322,480,480
black,21,12,0,7,11,14,25,39,285,356,422,446,480,480
red,21,10,7,11,14,25,39,285,356,422,446,480
black,22,2,480,480
green,22,2,0,480
black,23,2,480,480
blue,23,8,26,40,300,301,302,321,480,480
black,24,12,2,3,26,39,281,355,357,358,420,443,480,480
red,24,12,0,2,3,26,39,281,355,357,358,420,443,480
black,25,2,480,480
green,25,2,0,480
black,26,4,34,35,480,480
blue,26,8,26,34,35,40,298,320,480,480
black,27,12,17,19,25,40,268,269,274,358,418,440,480,480
red,27,12,0,17,19,25,40,268,269,274,358,418,440,480
black,28,2,480,480
green,28,2,0,480
black,29,4,35,37,480,480
blue,29,8,28,35,37,42,294,317,480,480
black,30,18,0,1,6,9,18,22,26,42,272,340,343,351,352,355,416,438,480,480
red,30,16,1,6,9,18,22,26,42,272,340,343,351,352,355,416,438,480
black,31,2,480,480
green,31,2,0,480
black,32,4,37,38,480,480
blue,32,10,20,21,31,37,38,43,293,315,480,480
black,33,18,0,11,18,26,29,43,266,340,341,346,347,349,350,355,414,435,480,480
red,33,16,11,18,26,29,43,266,340,341,346,347,349,350,355,414,435,480
black,34,2,480,480
green,34,2,0,480
black,35,2,480,480
blue,35,10,20,22,24,25,33,44,292,314,480,480
black,36,28,0,14,18,28,33,45,207,208,210,215,261,262,263,328,329,333,336,342,347,348,351,357,359,360,412,434,480,480
red,36,26,14,18,28,33,45,207,208,210,215,261,262,263,328,329,333,336,342,347,348,351,357,359,360,412,434,480
black,37,4,41,42,480,480
green,37,4,0,41,42,480
black,38,2,480,480
blue,38,6,35,47,291,313,480,480
black,39,20,0,15,22,29,35,48,187,218,258,259,260,333,340,341,352,361,409,432,480,480
red,39,18,15,22,29,35,48,187,218,258,259,260,333,340,341,352,361,409,432,480
black,40,4,41,45,480,480
green,40,4,0,41,45,480
black,41,2,480,480
blue,41,6,37,50,286,312,480,480
black,42,22,0,17,37,51,133,141,159,161,162,163,164,216,258,333,342,343,344,361,405,430,480,480
red,42,20,17,37,51,133,141,159,161,162,163,164,216,258,333,342,343,344,361,405,430,480
black,43,4,45,48,480,480
green,43,4,0,45,48,480
black,44,2,480,480
blue,44,6,40,51,283,311,480,480
black,45,14,0,16,39,52,131,219,249,342,351,361,403,428,480,480
red,45,12,16,39,52,131,219,249,342,351,361,403,428,480
black,46,4,47,49,480,480
green,46,4,0,47,49,480
black,47,2,480,480
blue,47,10,42,53,190,192,193,194,282,310,480,480
black,48,22,0,15,33,37,39,54,126,219,221,222,224,225,226,229,230,337,346,351,400,428,480,480
red,48,22,15,22,25,33,37,39,54,126,219,221,222,224,225,226,229,230,337,346,351,400,428,480
black,49,6,40,53,340,341,480,480
green,49,8,0,40,53,340,341,479,480,480
black,50,2,480,480
blue,50,10,41,55,182,200,285,311,339,342,480,480
black,51,20,0,14,32,57,122,267,288,331,332,334,352,355,359,360,362,365,396,427,480,480
red,51,22,14,21,27,32,57,122,267,271,273,288,331,332,334,352,355,359,360,362,365,396,427,480
black,52,10,36,56,193,194,268,291,336,347,480,480
green,52,12,0,36,56,193,194,268,291,336,347,478,480,480
black,53,2,480,480
blue,53,18,36,38,43,58,177,206,274,275,285,287,291,311,312,313,335,348,480,480
black,54,14,0,5,34,61,121,264,315,331,349,366,394,426,480,480
red,54,20,5,21,28,34,61,121,264,267,292,315,331,336,344,349,366,394,426,479,480,480
black,55,14,39,40,44,60,182,198,200,201,266,317,332,351,480,480
green,55,16,0,39,40,44,60,182,198,200,201,266,317,332,351,477,480,480
black,56,2,480,480
blue,56,12,48,62,173,212,269,278,282,319,331,351,480,480
black,57,18,0,3,35,40,49,68,120,261,324,328,354,355,356,368,391,424,480,480
red,57,22,3,23,28,35,40,49,68,120,261,264,314,324,328,332,347,354,355,356,368,391,424,480
black,58,10,52,64,180,209,263,323,329,354,480,480
green,58,12,0,52,64,180,209,263,323,329,354,476,480,480
black,59,2,480,480
blue,59,12,19,21,55,69,173,218,266,325,328,355,480,480
black,60,14,0,3,35,40,54,72,118,258,356,373,387,422,480,480
red,60,18,3,35,40,54,72,118,258,261,321,330,351,356,373,387,422,479,480,480
black,61,8,58,70,178,212,260,358,480,480
green,61,10,0,58,70,178,212,260,358,475,480,480
black,62,4,290,306,480,480
blue,62,16,18,22,59,73,168,218,219,222,223,224,264,290,306,330,480,480
black,63,20,20,23,37,44,56,75,118,256,370,372,373,375,376,380,383,387,388,419,480,480
red,63,24,0,20,23,37,44,56,75,118,256,259,363,370,372,373,375,376,380,383,387,388,419,477,480,480
black,64,8,62,75,176,213,256,368,480,480
green,64,10,0,62,75,176,213,256,368,474,480,480
black,65,4,285,307,480,480
blue,65,16,18,24,62,77,163,221,264,285,307,322,340,360,406,407,480,480
black,66,12,19,25,40,50,58,79,117,237,382,418,480,480
red,66,20,0,19,25,40,50,58,79,117,237,251,292,295,296,304,370,382,418,477,480,480
black,67,10,64,79,173,213,214,215,225,373,480,480
green,67,12,0,64,79,173,213,214,215,225,373,475,480,480
black,68,4,280,309,480,480
blue,68,24,19,24,65,80,131,137,138,140,141,154,155,224,251,280,309,317,335,363,369,373,406,407,480,480
black,69,12,19,25,42,82,116,224,380,382,383,416,480,480
red,69,18,0,19,25,42,82,116,224,226,282,304,371,380,382,383,416,475,480,480
black,70,10,66,82,130,144,171,215,223,376,480,480
green,70,14,0,31,37,66,82,130,144,171,215,223,376,474,480,480
black,71,4,283,308,480,480
blue,71,18,21,22,46,57,68,83,127,148,149,220,240,283,308,312,325,377,480,480
black,72,12,20,24,44,85,116,222,379,380,381,413,480,480
red,72,18,0,20,24,44,85,116,222,224,284,306,373,379,380,381,413,475,480,480
black,73,18,67,85,126,146,167,168,169,180,182,183,184,211,213,215,221,380,480,480
green,73,22,0,29,39,67,85,126,146,167,168,169,180,182,183,184,211,213,215,221,380,472,480,480
black,74,4,262,265,480,480
blue,74,14,47,63,67,86,122,221,229,262,265,311,321,381,480,480
black,75,10,21,24,44,88,115,220,380,411,480,480
red,75,14,0,21,24,44,88,115,220,222,376,380,411,475,480,480
black,76,12,69,88,121,146,168,181,185,213,219,382,480,480
green,76,18,0,13,15,30,40,69,88,121,146,168,181,185,213,219,382,471,480,480
black,77,8,79,82,243,255,256,266,480,480
blue,77,16,47,79,82,89,121,218,228,243,255,256,266,309,318,383,480,480
black,78,12,22,23,46,90,115,219,381,383,387,408,480,480
red,78,18,0,12,14,22,23,46,90,115,219,220,375,381,383,387,408,475,480,480
black,79,14,61,66,70,90,117,148,165,177,190,212,218,394,480,480
green,79,20,0,12,16,30,40,61,66,70,90,117,148,165,177,190,212,218,394,471,480,480
black,80,10,76,85,242,265,331,337,371,372,480,480
blue,80,16,48,76,85,90,119,219,227,242,265,331,337,371,372,399,480,480
black,81,8,46,91,113,218,400,405,480,480
red,81,16,0,12,14,46,91,113,218,219,244,249,376,400,405,475,480,480
black,82,20,60,91,115,148,163,165,167,175,176,177,190,191,193,210,214,215,217,405,480,480
green,82,26,0,13,16,31,40,60,91,115,148,163,165,167,175,176,177,190,191,193,210,214,215,217,405,472,480,480
black,83,12,79,86,240,262,331,340,367,370,376,382,480,480
blue,83,20,48,79,86,92,117,213,217,219,225,240,262,331,340,367,370,376,382,406,480,480
black,84,6,46,93,112,217,480,480
red,84,18,0,11,13,46,93,112,217,218,242,251,335,337,377,395,404,474,480,480
black,85,14,59,93,115,147,164,165,171,173,191,210,215,414,480,480
green,85,20,0,14,16,33,38,59,93,115,147,164,165,171,173,191,210,215,414,472,480,480
black,86,16,80,87,234,235,236,260,297,306,310,312,332,336,376,393,480,480
blue,86,26,47,80,87,93,117,212,214,219,224,234,235,236,260,282,290,297,306,310,312,332,336,376,393,413,480,480
black,87,6,45,93,110,215,480,480
red,87,16,0,45,93,110,215,217,241,251,332,335,378,396,414,474,480,480
black,88,12,58,93,113,148,169,173,192,209,213,418,480,480
green,88,14,0,58,93,113,148,169,173,192,209,213,418,472,480,480
black,89,12,80,88,232,258,270,277,300,314,377,397,480,480
blue,89,26,45,80,88,93,116,208,210,212,214,218,224,232,258,270,277,280,289,300,314,345,351,377,397,417,480,480
black,90,8,26,29,44,94,110,214,480,480
red,90,16,0,26,29,44,94,110,214,216,235,253,379,396,421,475,480,480
black,91,12,55,93,112,147,168,169,192,208,212,427,480,480
green,91,14,0,55,93,112,147,168,169,192,208,212,427,472,480,480
black,92,14,66,89,231,256,307,316,337,338,356,361,377,397,480,480
blue,92,28,43,66,89,93,115,211,214,217,223,231,256,263,271,275,279,307,316,337,338,349,352,356,361,377,397,425,480,480
black,93,10,26,31,43,94,108,214,386,392,480,480
red,93,24,0,26,31,43,94,108,214,215,236,251,307,313,337,338,354,357,378,386,392,396,430,477,479,480
black,94,14,52,93,112,148,152,153,154,157,192,207,212,430,480,480
green,94,14,0,52,93,112,148,152,153,154,157,192,207,212,430,480
black,95,16,59,88,230,255,281,304,309,318,337,339,353,373,375,397,480,480
blue,95,30,26,32,43,59,88,93,115,209,212,217,221,230,255,258,277,281,304,309,318,337,339,349,351,353,373,375,397,429,480,480
black,96,12,25,34,42,94,104,105,106,212,387,393,480,480
red,96,24,0,25,34,42,94,104,105,106,212,214,234,253,283,293,310,318,352,368,376,387,393,396,431,480
black,97,14,52,92,111,148,149,158,159,161,190,207,211,432,480,480
green,97,14,0,52,92,111,148,149,158,159,161,190,207,211,432,480
black,98,14,57,88,229,252,279,313,315,320,339,340,352,402,480,480
blue,98,30,22,36,42,57,88,92,115,208,210,215,221,229,252,256,259,268,273,279,313,315,320,339,340,349,351,352,402,432,480,480
black,99,12,22,38,42,93,104,211,353,359,388,394,480,480
red,99,22,0,22,38,42,93,104,211,213,245,251,279,312,314,322,351,353,359,388,394,398,429,480
black,100,14,52,92,110,161,170,171,172,176,186,206,207,433,480,480
green,100,14,0,52,92,110,161,170,171,172,176,186,206,207,433,480
black,101,14,56,86,275,328,339,340,354,360,368,402,429,432,480,480
blue,101,30,18,39,41,56,86,91,113,209,210,213,220,251,255,263,270,275,328,339,340,350,353,354,360,368,402,429,432,434,480,480
black,102,16,19,92,96,98,102,172,186,209,284,293,389,394,432,434,480,480
red,102,24,0,19,92,96,98,102,172,186,209,212,274,284,293,328,355,360,367,389,394,398,429,432,434,480
black,103,8,51,91,108,161,169,435,480,480
green,103,8,0,51,91,108,161,169,435,480
black,104,18,55,86,228,246,274,300,304,328,340,341,356,359,369,403,428,434,480,480
blue,104,32,18,55,86,90,112,211,221,228,246,248,253,261,263,274,300,304,328,340,341,350,355,356,359,362,367,369,403,428,434,435,480,480
black,105,16,18,93,94,170,280,298,324,326,371,372,390,395,432,435,480,480
red,105,32,0,18,93,94,170,173,198,209,227,245,272,280,298,299,304,324,326,329,340,341,356,359,367,371,372,390,395,398,428,432,435,480
black,106,8,50,91,108,163,166,435,480,480
green,106,8,0,50,91,108,163,166,435,480
black,107,18,60,85,224,244,264,298,303,329,341,342,356,358,367,401,427,434,480,480
blue,107,32,19,60,85,92,110,212,219,224,244,246,250,255,260,264,298,303,329,341,342,350,355,356,358,362,365,367,401,427,434,436,480,480
black,108,14,18,171,279,297,325,329,367,374,390,395,433,435,480,480
red,108,28,0,18,171,172,226,244,265,279,297,298,302,325,329,332,340,343,356,358,365,367,374,390,395,398,428,433,435,480
black,109,6,37,92,107,436,480,480
green,109,6,0,37,92,107,436,480
black,110,18,41,49,61,87,223,243,260,297,302,333,340,344,364,403,427,435,480,480
blue,110,32,19,41,49,61,87,93,107,211,218,223,243,250,254,260,297,299,300,302,333,340,344,349,355,359,363,364,403,427,435,436,480,480
black,111,16,19,170,281,297,304,320,328,331,363,381,388,396,434,436,480,480
red,111,26,0,19,170,172,225,242,260,281,297,298,301,304,320,328,331,336,341,345,381,388,396,400,428,434,436,480
black,112,6,34,94,104,437,480,480
green,112,6,0,34,94,104,437,480
black,113,22,38,88,190,207,222,242,254,264,275,297,301,302,303,335,340,345,362,404,428,436,480,480
blue,113,42,21,38,88,95,100,101,102,174,176,190,207,210,217,222,242,246,249,254,264,265,269,275,297,298,299,301,302,303,335,340,345,349,352,358,361,362,404,428,436,437,480,480
black,114,14,22,170,285,286,307,322,330,335,361,397,434,437,480,480
red,114,30,0,22,170,171,198,199,222,229,239,241,255,263,271,285,286,297,301,307,322,330,335,338,340,346,397,402,428,434,437,480
black,115,6,34,96,101,437,480,480
green,115,6,0,34,96,101,437,480
black,116,24,35,90,190,207,220,241,251,262,270,277,307,321,328,337,340,346,360,410,412,414,427,436,480,480
blue,116,40,24,35,90,99,100,190,207,210,215,220,241,244,246,251,262,263,268,270,277,287,289,307,321,328,337,340,346,352,354,358,359,360,410,412,414,427,436,438,480,480
black,117,14,25,169,313,320,331,337,344,346,361,398,434,437,480,480
red,117,30,0,25,169,171,191,201,221,228,252,263,270,284,301,313,320,321,323,331,337,344,346,347,360,361,398,404,428,434,437,480
black,118,6,32,98,101,438,480,480
green,118,6,0,32,98,101,438,480
black,119,20,34,91,190,206,219,236,247,263,267,285,289,296,309,347,360,414,425,437,480,480
blue,119,28,26,34,91,190,206,209,214,219,236,238,242,247,263,267,285,289,296,309,347,357,358,360,414,425,437,438,480,480
black,120,16,27,168,277,285,291,295,330,339,343,346,361,399,434,437,480,480
red,120,34,0,27,168,170,194,205,221,228,248,263,268,272,273,277,285,291,295,297,302,316,319,330,339,343,346,347,359,361,399,409,427,434,437,480
black,121,4,31,438,480,480
green,121,4,0,31,438,480
black,122,22,36,93,186,206,219,232,244,248,251,263,266,298,310,314,317,346,359,414,423,437,480,480
blue,122,30,29,36,93,186,206,209,213,219,232,234,240,244,248,251,263,266,298,310,314,317,346,355,357,359,414,423,437,438,480,480
black,123,14,31,168,275,285,288,298,323,346,360,402,433,438,480,480
red,123,30,0,31,168,170,192,205,221,229,252,264,268,275,285,288,298,299,306,314,316,323,346,347,358,360,402,409,425,433,438,480
black,124,4,35,438,480,480
green,124,4,0,35,438,480
black,125,22,55,93,186,205,218,231,242,245,250,263,267,298,309,310,314,346,357,416,421,437,480,480
blue,125,32,35,55,93,186,205,209,213,218,231,233,239,242,245,250,263,267,298,299,300,309,310,314,346,354,356,357,416,421,437,438,480,480
black,126,16,37,168,261,262,273,285,287,297,321,346,360,402,434,438,480,480
red,126,34,0,37,168,170,191,205,221,229,243,245,252,261,262,263,267,273,285,287,297,298,303,310,313,321,346,347,357,360,402,410,425,434,438,480
black,127,4,44,438,480,480
green,127,4,0,44,438,480
black,128,20,61,94,185,205,217,232,239,245,249,262,265,297,302,309,312,347,357,437,480,480
blue,128,30,45,61,94,185,205,208,213,217,232,233,236,239,245,249,262,265,297,298,300,302,309,312,347,355,356,357,437,438,480,480
black,129,14,52,168,255,261,266,297,320,346,359,403,434,438,480,480
red,129,30,0,52,168,170,190,204,222,229,242,245,250,255,261,262,265,266,302,308,311,320,346,347,357,359,403,412,424,434,438,480
black,130,4,57,438,480,480
green,130,4,0,57,438,480
black,131,22,65,95,184,204,217,232,238,244,248,261,265,297,301,307,312,324,329,347,357,437,480,480
blue,131,28,58,65,95,184,204,207,211,217,232,238,244,248,261,265,300,301,307,312,324,329,347,353,354,357,437,438,480,480
black,132,14,58,167,251,260,266,296,336,347,358,404,433,438,480,480
red,132,34,0,58,167,170,191,204,223,230,240,244,249,251,260,261,265,266,296,297,301,307,308,318,327,336,347,348,357,358,404,413,424,433,438,480
black,133,4,61,438,480,480
green,133,4,0,61,438,480
black,134,22,70,96,197,203,218,232,238,244,249,261,266,292,300,304,306,312,318,347,357,436,480,480
blue,134,32,61,70,96,197,203,206,211,218,232,234,235,238,244,245,247,249,261,266,292,297,298,300,304,306,312,318,347,357,436,438,480,480
black,135,16,61,167,258,260,267,289,332,336,339,347,358,404,433,437,480,480
red,135,40,0,61,167,170,197,203,223,231,240,244,250,253,257,258,260,263,266,267,289,290,293,295,300,304,306,311,319,332,336,339,347,348,356,358,404,416,420,433,437,480
black,136,4,65,438,480,480
green,136,4,0,65,438,480
black,137,18,75,97,219,232,238,244,250,252,267,284,287,294,315,347,357,437,480,480
blue,137,28,65,75,97,205,212,219,232,238,244,250,252,256,260,267,284,287,294,296,299,315,347,351,352,357,437,439,480,480
black,138,12,63,163,268,283,324,347,357,406,433,441,480,480
red,138,26,0,63,163,170,200,202,224,231,240,245,251,257,264,268,283,294,313,324,355,357,406,421,422,433,441,480
black,139,4,69,443,480,480
green,139,4,0,69,443,480
black,140,22,80,98,191,202,219,231,237,245,250,260,271,281,283,292,307,310,312,346,356,442,480,480
blue,140,34,68,80,98,173,174,176,177,191,202,205,211,219,231,237,245,250,260,271,281,283,292,295,297,307,310,312,346,349,351,356,442,444,480,480
black,141,14,66,161,255,257,273,280,321,346,357,406,432,446,480,480
red,141,28,0,66,161,169,186,202,224,231,239,245,252,255,257,260,265,270,271,273,280,292,307,321,354,357,406,432,446,480
black,142,4,72,449,480,480
green,142,4,0,72,449,480
black,143,22,86,99,186,203,219,231,237,246,253,259,273,275,280,290,295,299,304,345,354,448,480,480
blue,143,28,71,86,99,169,173,186,203,211,212,219,231,237,246,253,259,273,275,280,290,295,299,304,345,354,448,451,480,480
black,144,12,66,159,282,283,318,344,356,408,430,452,480,480
red,144,28,0,66,159,167,182,204,224,231,238,247,254,260,273,282,283,289,294,299,302,318,344,345,353,356,408,430,452,480
black,145,4,75,456,480,480
green,145,4,0,75,456,480
black,146,20,90,101,184,206,220,231,236,248,254,261,273,282,290,297,300,344,353,454,480,480
blue,146,28,73,90,101,184,206,211,215,220,231,236,248,249,250,254,261,273,282,288,289,290,297,300,344,353,454,458,480,480
black,147,12,65,153,244,247,317,343,354,405,428,458,480,480
red,147,28,0,65,153,163,180,207,225,230,237,244,247,248,255,264,274,284,290,297,299,317,343,344,352,354,405,428,458,480
black,148,4,77,465,480,480
green,148,4,0,77,465,480
black,149,22,94,103,181,208,219,231,236,249,255,264,274,277,279,283,288,295,297,342,351,456,480,480
blue,149,30,72,94,103,181,208,219,231,236,249,250,251,255,264,274,277,279,283,285,287,288,295,297,342,346,347,351,456,466,480,480
black,150,18,64,150,244,249,260,262,299,307,314,341,353,401,411,413,427,453,480,480
red,150,32,0,64,150,160,174,208,223,231,237,244,249,250,256,260,262,266,274,282,288,299,307,314,341,342,350,353,401,411,413,427,453,480
black,151,4,74,473,480,480
green,151,4,0,74,473,480
black,152,20,98,106,174,209,220,231,237,250,257,266,274,276,286,292,294,340,349,456,480,480
blue,152,28,69,98,106,174,209,213,214,220,231,237,250,252,253,257,266,274,276,282,285,286,292,294,340,349,456,474,480,480
black,153,18,62,151,243,250,262,264,295,339,351,399,411,415,425,449,473,474,480,480
red,153,34,0,62,151,158,169,211,222,231,237,243,250,251,258,262,264,268,273,276,286,292,293,295,339,340,348,351,399,411,415,425,449,473,474,480
black,154,4,72,474,480,480
green,154,4,0,72,474,480
black,155,28,102,105,106,107,172,212,221,231,236,251,257,268,271,274,284,290,293,338,348,455,456,463,464,469,471,472,480,480
blue,155,38,67,102,105,106,107,158,162,172,212,214,215,221,231,236,251,257,268,271,274,280,281,284,290,293,338,342,344,348,455,456,463,464,469,471,472,475,480,480
black,156,16,60,147,243,251,264,267,292,337,349,396,412,418,424,447,480,480
red,156,34,0,60,147,157,168,213,222,225,227,230,237,243,251,253,259,264,267,269,270,274,283,289,291,292,337,338,347,349,396,412,418,424,447,480
black,157,4,70,475,480,480
green,157,4,0,70,475,480
black,158,24,106,110,169,170,171,196,209,214,222,231,236,253,260,273,281,288,291,337,346,454,460,474,480,480
blue,158,32,65,106,110,156,159,169,170,171,196,209,214,216,217,222,231,236,253,260,273,281,288,291,337,340,343,346,454,460,474,476,480,480
black,159,18,59,137,138,140,243,251,265,268,291,336,347,394,412,444,474,475,480,480
red,159,34,0,59,137,138,140,156,171,196,210,214,227,231,237,243,251,255,261,265,268,272,280,287,289,291,345,347,394,412,444,454,458,474,475,480
black,160,4,68,476,480,480
green,160,4,0,68,476,480
black,161,22,108,111,173,176,180,181,185,194,222,231,236,241,278,285,288,335,344,451,461,474,480,480
blue,161,32,63,108,111,155,160,173,176,180,181,185,194,196,204,222,231,236,241,243,260,278,285,288,335,339,340,344,451,461,474,477,480,480
black,162,12,58,134,288,334,345,389,411,442,474,476,480,480
red,162,28,0,16,18,58,134,158,176,194,211,216,224,232,236,240,277,284,286,288,334,335,343,345,389,411,442,474,476,480
black,163,4,65,477,480,480
green,163,4,0,65,477,480
black,164,22,111,113,177,193,214,218,222,232,235,238,250,262,290,334,342,366,378,449,460,476,480,480
blue,164,32,61,111,113,152,161,177,193,194,200,201,210,214,218,222,232,235,238,239,247,250,262,290,334,342,366,378,449,460,476,477,480,480
black,165,14,56,131,295,333,343,362,381,388,410,439,466,477,480,480
red,165,32,0,9,11,14,22,56,131,161,178,193,214,220,221,233,235,238,247,267,293,295,341,343,362,364,369,381,388,410,439,466,477,480
black,166,6,63,158,159,477,480,480
green,166,6,0,63,158,159,477,480
black,167,26,174,186,188,194,206,210,218,233,235,273,282,288,289,291,304,332,341,352,379,448,449,454,455,476,480,480
blue,167,38,58,151,162,174,186,188,194,203,205,206,210,211,213,218,233,235,273,274,280,282,288,289,291,304,332,334,337,341,352,379,448,449,454,455,476,477,480,480
black,168,16,54,127,240,248,310,331,341,350,380,388,408,439,464,477,480,480
red,168,30,0,54,127,162,186,196,197,212,218,240,248,274,292,303,304,310,331,332,340,341,350,351,366,380,388,408,439,464,477,480
black,169,6,60,154,162,476,480,480
green,169,6,0,60,154,162,476,480
black,170,24,115,116,117,118,174,177,182,183,186,214,224,275,286,309,315,331,339,345,368,369,370,473,480,480
blue,170,32,56,115,116,117,118,142,164,174,177,182,183,186,214,224,275,276,280,286,309,315,331,333,337,339,345,368,369,370,473,476,480,480
black,171,24,52,127,199,201,206,207,212,213,231,234,238,248,319,330,339,341,371,388,408,438,470,475,480,480
red,171,34,0,52,127,164,189,199,201,206,207,212,213,215,223,231,234,238,248,279,281,319,330,331,338,339,341,344,355,371,388,408,438,470,475,480
black,172,6,58,150,164,475,480,480
green,172,6,0,58,150,164,475,480
black,173,12,183,216,225,251,259,329,355,359,361,473,480,480
blue,173,18,55,132,166,183,216,225,251,259,329,332,334,355,359,361,473,475,480,480
black,174,20,51,128,202,207,209,216,233,250,282,294,325,328,371,388,405,437,469,475,480,480
red,174,28,0,51,128,165,193,202,207,209,216,218,226,233,250,256,259,282,294,325,328,329,355,371,388,405,437,469,475,480
black,175,8,54,55,56,148,166,475,480,480
green,175,8,0,54,55,56,148,166,475,480
black,176,12,186,218,234,252,260,328,348,398,402,472,480,480
blue,176,16,54,132,168,186,218,234,252,260,328,348,398,402,472,475,480,480
black,177,20,50,129,207,218,239,252,282,327,357,359,362,364,373,386,404,437,464,474,480,480
red,177,28,0,50,129,167,195,207,218,219,234,239,252,256,259,282,327,328,350,357,359,362,364,373,386,404,437,464,474,480
black,178,6,53,146,168,473,480,480
green,178,6,0,53,146,168,473,480
black,179,16,186,188,194,221,232,233,234,240,241,253,261,323,344,471,480,480
blue,179,22,53,133,170,186,188,194,221,232,233,234,240,241,253,261,323,329,330,344,471,473,480,480
black,180,18,48,107,110,131,210,221,245,254,282,321,354,386,402,437,460,473,480,480
red,180,24,0,48,107,110,131,169,197,210,221,222,234,245,254,282,321,322,346,354,386,402,437,460,473,480
black,181,6,51,143,170,472,480,480
green,181,6,0,51,143,170,472,480
black,182,12,191,224,229,255,261,316,338,339,341,469,480,480
blue,182,16,52,135,171,191,224,229,255,261,316,338,339,341,469,472,480,480
black,183,18,47,104,115,133,212,225,250,256,281,313,351,384,399,438,454,471,480,480
red,183,30,0,47,104,115,133,169,200,212,225,226,233,236,239,243,244,250,256,281,313,314,338,340,342,351,384,399,438,454,471,480
black,184,6,50,142,170,469,480,480
green,184,6,0,50,142,170,469,480
black,185,16,188,192,197,228,231,232,233,257,260,308,332,342,344,466,480,480
blue,185,22,52,111,114,136,172,188,192,197,228,231,232,233,257,260,308,332,342,344,466,469,480,480
black,186,18,47,97,117,134,218,228,256,258,281,303,349,379,400,437,449,468,480,480
red,186,26,0,47,97,117,134,169,200,218,228,229,242,246,248,256,258,281,303,306,332,349,379,400,437,449,468,480
black,187,6,49,141,170,467,480,480
green,187,6,0,49,141,170,467,480
black,188,12,196,232,237,296,325,327,329,344,345,464,480,480
blue,188,20,51,104,116,137,172,196,232,237,296,297,300,325,327,329,344,345,464,467,480,480
black,189,16,45,92,120,136,223,232,261,266,277,291,346,371,394,466,480,480
red,189,22,0,45,92,120,136,169,200,223,232,234,246,261,266,277,291,294,330,346,371,394,466,480
black,190,6,47,142,170,464,480,480
green,190,6,0,47,142,170,464,480
black,191,10,197,235,242,286,321,342,344,462,480,480
blue,191,16,51,103,121,139,179,197,235,242,286,321,342,344,462,465,480,480
black,192,20,45,84,123,138,227,235,265,283,338,341,347,367,394,464,472,473,475,477,479,480
red,192,30,0,45,84,123,138,178,206,227,235,237,252,265,283,284,321,338,341,347,367,377,380,394,464,472,473,475,477,479,480,480
black,193,8,45,121,123,143,179,462,480,480
green,193,8,0,45,121,123,143,179,462,480
black,194,12,196,239,242,280,311,342,346,376,379,459,480,480
blue,194,22,51,99,123,140,182,196,239,242,280,295,296,298,300,311,342,346,376,379,459,462,480,480
black,195,16,45,76,126,139,231,238,269,278,326,329,336,364,390,462,468,480
red,195,28,0,45,76,126,139,181,215,231,238,245,254,258,259,269,278,279,312,326,329,336,364,369,380,390,462,468,480,480
black,196,8,42,118,128,144,182,459,480,480
green,196,8,0,42,118,128,144,182,459,480
black,197,8,208,276,309,377,378,456,480,480
blue,197,22,49,96,126,142,185,208,276,281,283,285,289,292,301,309,377,378,456,460,472,473,480,480
black,198,16,46,68,128,141,234,241,273,274,319,361,387,390,391,462,463,480
red,198,32,0,46,68,128,141,156,157,159,160,181,182,183,212,234,241,257,259,273,274,275,302,319,361,366,380,387,390,391,462,463,480,480
black,199,8,40,113,131,147,185,456,480,480
green,199,8,0,40,113,131,147,185,456,480
black,200,12,213,272,291,295,300,364,372,376,377,454,480,480
blue,200,22,49,89,129,144,188,213,272,274,275,276,288,291,295,300,364,372,376,377,454,457,464,480
black,201,12,46,59,130,142,238,245,249,259,308,355,385,480
red,201,28,0,46,59,130,142,150,169,172,173,174,177,178,215,238,245,249,259,271,288,308,355,361,374,376,377,385,480,480
black,202,8,37,107,133,148,188,454,480,480
green,202,8,0,37,107,133,148,188,454,480
black,203,12,211,237,245,260,265,268,295,362,371,451,480,480
blue,203,20,48,82,132,146,191,211,237,245,260,265,268,272,276,295,362,371,451,456,457,480
black,204,12,47,54,133,144,318,322,326,328,340,352,383,480
red,204,22,0,47,54,133,144,151,217,218,219,235,299,318,322,326,328,340,352,356,373,383,480,480
black,205,8,33,100,136,150,189,451,480,480
green,205,8,0,33,100,136,150,189,451,480
black,206,10,210,231,285,289,292,355,371,448,480,480
blue,206,22,48,78,134,147,192,210,231,233,235,240,242,285,289,292,355,371,448,452,453,454,456,480
black,207,6,135,145,341,348,381,480
red,207,20,0,135,145,153,212,219,221,230,286,289,295,297,305,341,348,353,372,381,480,480
black,208,8,32,97,139,152,188,448,480,480
green,208,8,0,32,97,139,152,188,448,480
black,209,12,208,229,269,272,276,350,351,352,366,444,480,480
blue,209,24,48,60,61,74,136,149,192,208,229,230,234,235,238,258,264,269,272,276,350,351,352,366,444,480
black,210,6,137,147,340,345,379,480
red,210,20,0,137,147,154,209,222,225,228,261,274,278,289,291,340,345,347,369,379,480,480
black,211,12,30,94,141,155,180,445,468,471,472,473,480,480
green,211,12,0,30,94,141,155,180,445,468,471,472,473,480
black,212,10,199,201,212,229,259,347,366,442,480,480
blue,212,22,47,56,57,58,62,72,138,151,192,199,201,212,229,230,239,256,258,259,347,366,442,480
black,213,20,139,149,258,274,279,281,309,310,313,318,322,323,329,331,332,333,334,342,376,480
red,213,26,0,139,149,156,216,230,274,279,281,309,310,313,318,322,323,329,331,332,333,334,342,344,366,376,480,480
black,214,8,26,92,143,159,175,442,463,480
green,214,10,0,26,92,143,159,175,442,463,480,480
black,215,8,255,287,288,342,364,438,480,480
blue,215,16,44,53,140,153,191,203,214,235,252,255,287,288,342,364,438,480
black,216,12,0,3,142,151,255,279,282,287,290,338,372,480
red,216,16,3,142,151,158,251,255,279,282,287,290,338,341,364,372,480,480
black,217,6,21,90,146,439,460,480
green,217,8,0,21,90,146,439,460,480,480
black,218,8,231,232,242,339,363,436,480,480
blue,218,16,43,51,143,155,191,200,206,231,232,242,339,351,352,363,436,480
black,219,12,0,13,14,30,31,36,143,153,261,335,366,480
red,219,18,13,14,30,31,36,143,153,161,230,232,245,261,335,337,361,366,480,480
black,220,6,15,87,148,436,457,480
green,220,8,0,15,87,148,436,457,480,480
black,221,12,216,217,227,231,241,243,244,335,361,433,480,480
blue,221,22,40,49,50,51,145,158,191,198,203,216,217,227,231,241,243,244,335,345,354,361,433,480
black,222,10,0,41,42,44,146,156,268,331,361,480
red,222,22,41,42,44,146,156,163,174,175,178,184,204,206,228,230,249,268,331,334,358,361,480,480
black,223,10,0,2,7,8,9,85,149,434,453,480
green,223,10,2,7,8,9,85,149,434,453,480,480
black,224,14,205,206,222,228,235,240,244,251,252,333,356,431,480,480
blue,224,20,35,50,147,160,190,198,203,205,206,222,228,235,240,244,251,252,333,356,431,480
black,225,10,0,44,148,158,274,275,277,327,346,480
red,225,20,44,148,158,166,172,186,204,210,222,227,257,274,275,277,327,332,343,346,480,480
black,226,8,0,82,151,432,437,439,444,480
green,226,8,82,151,432,437,439,444,480,480
black,227,12,205,213,220,226,235,240,242,330,337,428,480,480
blue,227,20,29,52,53,55,148,162,190,198,203,205,213,220,226,235,240,242,330,337,428,480
black,228,8,0,45,150,160,281,325,336,480
red,228,18,45,150,160,188,203,214,218,226,244,245,247,250,252,281,325,336,480,480
black,229,6,0,80,152,429,430,480
green,229,6,80,152,429,430,480,480
black,230,8,204,216,220,224,231,425,480,480
blue,230,12,27,53,150,165,190,204,216,220,224,231,425,480
black,231,10,0,46,152,163,216,217,298,324,329,480
red,231,14,46,152,163,189,202,216,217,224,230,298,324,329,480,480
black,232,4,0,79,152,480
green,232,4,79,152,480,480
black,233,8,199,216,233,332,333,423,480,480
blue,233,22,16,18,21,53,55,56,152,168,189,199,216,220,221,223,225,226,229,233,332,333,423,480
black,234,14,0,48,49,50,154,166,227,229,232,238,308,326,353,480
red,234,16,48,49,50,154,166,189,205,227,229,232,238,308,326,353,480,480
black,235,4,0,77,147,480
green,235,4,77,147,480,480
black,236,12,197,211,224,327,330,331,333,337,338,420,480,480
blue,236,22,0,4,15,18,19,54,152,171,187,197,211,213,220,224,327,330,331,333,337,338,420,480
black,237,12,0,52,156,169,225,248,256,259,303,320,354,480
red,237,20,52,156,169,189,203,212,218,225,248,256,259,303,320,329,331,334,335,354,480,480
black,238,4,0,76,144,480
green,238,4,76,144,480,480
black,239,10,196,203,225,313,335,336,338,418,480,480
blue,239,16,0,57,154,174,185,196,203,209,216,225,313,335,336,338,418,480
black,240,18,0,56,158,173,229,259,261,267,270,271,272,273,288,307,350,351,355,480
red,240,24,56,158,173,189,215,229,259,261,267,270,271,272,273,288,307,314,327,329,335,350,351,355,480,480
black,241,4,0,73,143,480
green,241,4,73,143,480,480
black,242,10,196,202,226,298,330,331,335,415,480,480
blue,242,14,0,56,156,196,202,206,211,226,298,330,331,335,415,480
black,243,12,0,60,159,179,231,250,259,293,349,351,353,480
red,243,18,60,159,179,188,220,231,250,259,293,301,330,331,335,349,351,353,480,480
black,244,4,0,72,141,480
green,244,4,72,141,480,480
black,245,14,195,201,226,286,330,331,332,333,334,379,393,412,480,480
blue,245,18,0,58,63,64,158,195,201,226,286,330,331,332,333,334,379,393,412,480
black,246,8,0,65,160,186,244,247,348,480
red,246,14,65,160,186,188,224,244,247,249,254,283,327,348,480,480
black,247,4,0,72,141,480
green,247,4,72,141,480,480
black,248,16,194,199,222,247,256,269,270,275,278,280,294,295,328,378,480,480
blue,248,18,0,66,160,194,199,222,247,256,269,270,275,278,280,294,295,328,378,480
black,249,8,0,67,161,185,329,333,342,480
red,249,12,67,161,185,187,230,247,327,329,333,342,480,480
black,250,6,0,71,140,162,163,480
green,250,6,71,140,162,163,480,480
black,251,12,193,196,222,225,228,245,325,326,327,378,480,480
blue,251,14,0,66,161,193,196,222,225,228,245,325,326,327,378,480
black,252,8,0,69,163,185,329,333,341,480
red,252,14,69,163,185,186,239,241,243,245,325,329,333,341,480,480
black,253,6,0,71,140,160,163,480
green,253,6,71,140,160,163,480,480
black,254,6,238,244,325,380,480,480
blue,254,8,0,67,162,238,244,325,380,480
black,255,8,0,69,164,184,328,334,340,480
red,255,10,69,164,184,186,323,328,334,340,480,480
black,256,6,0,71,140,162,165,480
green,256,6,71,140,162,165,480,480
black,257,6,242,244,323,382,480,480
blue,257,8,0,67,163,242,244,323,382,480
black,258,8,0,69,165,184,327,336,338,480
red,258,10,69,165,184,185,323,327,336,338,480,480
black,259,6,0,70,141,164,171,480
green,259,6,70,141,164,171,480,480
black,260,8,244,245,328,361,365,384,480,480
blue,260,10,0,65,164,244,245,324,361,365,384,480
black,261,8,0,68,168,184,322,326,327,480
red,261,12,68,168,184,185,319,320,321,322,326,327,480,480
black,262,10,0,70,143,163,172,324,327,359,363,480
green,262,10,70,143,163,172,324,327,359,363,480,480
black,263,12,247,251,318,319,321,322,327,356,369,386,480,480
blue,263,14,0,64,167,247,251,318,319,321,322,327,356,369,386,480
black,264,8,0,69,168,184,251,253,319,480
red,264,16,69,168,184,185,246,251,253,254,255,256,305,308,311,319,480,480
black,265,10,0,70,146,164,175,324,325,356,366,480
green,265,10,70,146,164,175,324,325,356,366,480,480
black,266,18,243,256,283,286,308,310,311,312,313,321,327,354,373,375,380,386,480,480
blue,266,22,0,63,167,243,256,283,286,308,310,311,312,313,321,325,326,327,354,373,375,380,386,480
black,267,10,0,75,170,184,249,261,307,325,331,480
red,267,22,75,170,184,185,191,195,243,249,261,265,270,271,278,280,282,288,298,307,325,331,480,480
black,268,16,0,70,148,154,157,158,159,160,162,165,177,323,333,355,366,480
green,268,16,70,148,154,157,158,159,160,162,165,177,323,333,355,366,480,480
black,269,18,235,252,267,269,286,288,295,313,314,320,340,353,376,377,384,386,480,480
blue,269,22,0,60,163,166,169,235,252,267,269,286,288,295,313,314,320,325,353,376,377,384,386,480
black,270,16,0,81,170,184,193,196,244,275,277,278,281,283,284,325,340,480
red,270,20,81,170,184,185,190,193,196,198,236,244,275,277,278,281,283,284,325,340,480,480
black,271,12,0,69,166,167,179,301,308,323,345,355,365,480
green,271,12,69,166,167,179,301,308,323,345,355,365,480,480
black,272,10,234,247,315,320,346,350,377,380,480,480
blue,272,22,0,48,49,50,52,53,166,234,247,298,300,305,306,315,320,324,344,346,350,377,380,480
black,273,14,0,85,166,185,194,198,238,246,247,305,306,325,343,480
red,273,16,85,166,185,194,198,200,232,238,246,247,305,306,325,343,480,480
black,274,12,0,68,182,243,248,282,308,323,344,351,365,480
green,274,12,68,182,243,248,282,308,323,344,351,365,480,480
black,275,10,231,238,315,320,345,348,378,380,480,480
blue,275,24,0,44,167,202,203,231,238,241,245,303,304,305,306,315,320,324,342,345,348,352,354,378,380,480
black,276,8,0,90,164,200,232,325,342,480
red,276,10,90,164,200,202,229,232,325,342,480,480
black,277,12,0,66,185,237,247,281,308,322,343,349,364,480
green,277,12,66,185,237,247,281,308,322,343,349,364,480,480
black,278,8,227,233,316,320,344,347,480,480
blue,278,18,0,44,169,203,204,227,233,303,306,316,320,324,342,344,347,351,353,480
black,279,8,0,88,165,202,229,325,341,480
red,279,10,88,165,202,203,222,229,325,341,480,480
black,280,12,0,57,186,234,245,283,308,322,342,348,362,480
green,280,12,57,186,234,245,283,308,322,342,348,362,480,480
black,281,8,220,227,316,320,383,384,480,480
blue,281,18,0,43,171,204,208,220,227,305,306,316,320,323,341,348,353,383,384,480
black,282,14,0,88,151,153,164,203,220,303,305,324,340,348,349,480
red,282,16,88,151,153,164,203,205,215,220,303,305,324,340,348,349,480,480
black,283,12,0,56,189,233,244,287,309,322,341,345,362,480
green,283,12,56,189,233,244,287,309,322,341,345,362,480,480
black,284,8,0,4,214,218,316,319,480,480
blue,284,18,4,43,172,173,174,206,211,214,218,304,307,316,319,323,340,345,354,480
black,285,12,0,87,164,206,214,303,306,324,339,346,347,480
red,285,14,87,164,206,207,213,214,303,306,324,339,346,347,480,480
black,286,12,0,54,192,233,242,288,309,322,340,341,361,480
green,286,12,54,192,233,242,288,309,322,340,341,361,480,480
black,287,8,0,6,212,217,316,319,480,480
blue,287,18,6,44,174,179,186,209,210,212,217,303,307,316,319,323,338,343,353,480
black,288,14,0,85,163,165,166,209,211,303,305,324,338,344,347,480
red,288,14,85,163,165,166,209,211,303,305,324,338,344,347,480,480
black,289,12,0,54,190,230,241,289,290,291,309,322,360,480
green,289,12,54,190,230,241,289,290,291,309,322,360,480,480
black,290,6,0,6,317,319,480,480
blue,290,12,6,44,188,301,306,317,319,323,337,338,353,480
black,291,14,0,85,167,181,184,302,305,325,336,338,339,341,346,480
red,291,14,85,167,181,184,302,305,325,336,338,339,341,346,480,480
black,292,12,0,54,188,218,220,229,243,293,309,322,359,480
green,292,12,54,188,218,220,229,243,293,309,322,359,480,480
black,293,8,0,2,3,5,317,319,480,480
blue,293,12,2,3,5,46,189,300,305,317,319,323,352,480
black,294,10,0,86,169,180,185,302,304,324,345,480
red,294,10,86,169,180,185,302,304,324,345,480,480
black,295,12,0,52,186,231,240,241,242,294,309,321,359,480
green,295,12,52,186,231,240,241,242,294,309,321,359,480,480
black,296,4,316,318,480,480
blue,296,10,0,46,188,299,305,316,318,322,353,480
black,297,10,0,75,170,178,184,301,304,324,344,480
red,297,10,75,170,178,184,301,304,324,344,480,480
black,298,14,0,51,184,213,214,232,234,235,241,295,307,321,358,480
green,298,14,51,184,213,214,232,234,235,241,295,307,321,358,480,480
black,299,6,194,198,316,318,480,480
blue,299,12,0,44,185,194,198,298,306,316,318,322,352,480
